[
  "0220:0336,0336,0333,0337,0204,0330,0336,0332,0337,0330,0337,0336,0336,0336,0336,0322,0347,0337,0320,0337,0337,0330,0337,0341,",
  "0221:0336,0336,0333,0337,0200,0326,0330,0330,0336,0332,0337,0337,0336,0341,0337,0320,",
  "0222:0336,0336,0336,0347,0337,0337,0337,0330,",
  "0223:0334,0336,0362,0203,0335,0203,0203,0335,0203,0203,0335,0203,0203,0335,0203,0363,0335,0330,0330,0337,",
  "0224:0304,0313,0336,0336,0334,0310,0350,0362,0203,0335,0335,0203,0203,0334,0334,0203,0335,0335,0335,0337,0203,0203,0335,0335,0203,0203,0335,0335,0335,0336,0203,0334,0334,0203,0203,0335,0335,0203,0363,0304,0335,0313,0337,0337,",
  "0225:0306,0201,0334,0334,0201,0334,0334,0201,0334,0334,",
  "0226:0331,0332,0337,0101,0365,",
  "0227:",
  "0230:",
  "0231:",
  "0232:",
  "0233:",
  "0234:",
  "0235:",
  "0236:",
  "0237:",
  "0240:",
  "0241:",
  "0242:",
  "0243:",
  "0244:",
  "0245:",
  "0246:",
  "0247:",
  "01220:0333,0200,0336,0332,0220,0333,0331,0336,0331,0337,0337,",
  "01221:0333,0200,0336,0332,0221,0221,0333,0331,0331,0337,",
  "01222:0333,0200,0336,0332,0330,0332,0333,0222,0333,0331,0331,0337,",
  "01223:0333,0200,0336,0330,0332,0336,0333,0332,0223,0336,0333,0331,0333,0333,0331,0331,0333,0320,0331,0337,0337,0337,",
  "01224:0333,0200,0336,0332,0330,0224,0333,0331,0337,",
  "01225:0333,0200,0336,0336,0332,0332,0330,0337,0225,0304,0333,0331,0336,0330,0337,0337,",
  "01226:0333,0200,0336,0330,0332,0226,0333,0331,0330,",
  "01227:0333,0200,0336,0330,0332,0210,0227,0211,0331,0333,0337,",
  "01230:0333,0200,0336,0330,0332,0230,0331,0304,0333,0337,",
  "01231:0333,0200,0332,0336,0330,0333,0336,0336,0330,0332,0231,0333,0333,0331,0331,0331,0333,0333,0331,0331,0333,0337,0337,0337,0337,0336,",
  "01232:0333,0200,0336,0330,0332,0331,0232,0331,0331,0331,0333,0337,",
  "01233:0333,0200,0336,0332,0337,0336,0330,0332,0336,0331,0333,0337,0332,0233,0331,0336,0330,0337,0337,",
  "01234:0333,0200,0336,0330,0332,0332,0332,0336,0333,0337,0234,0333,0333,0333,0331,0336,0333,0331,0337,0337,0337,0210,0210,0337,0336,",
  "01235:0333,0200,0235,",
  "01236:0333,0200,0236,",
  "01237:0333,0200,0336,0330,0332,0332,0237,0331,0336,0332,0337,0337,",
  "01240:0333,0200,0332,0336,0240,0336,0332,0337,0337,",
  "01241:0333,0200,0336,0332,0241,0333,0337,",
  "01242:0333,0200,0336,0332,0332,0336,0330,0330,0242,0336,0331,0331,0331,0331,0332,0337,0337,0337,",
  "01243:0333,0200,0336,0332,0332,0243,0337,",
  "01244:0333,0200,0332,0336,0330,0336,0336,0243,0243,0243,0243,0331,0331,0331,0331,0337,0337,0337,",
  "01245:0333,0200,0336,0332,0336,0331,0337,0245,0333,0336,0330,0337,0337,",
  "01246:0333,0200,0330,0332,0336,0331,0336,0332,0337,0246,0333,0333,0336,0333,0331,0331,0337,0337,",
  "01247:0333,0200,0336,0330,0332,0337,0247,0336,0333,0331,0337,"
]